MSE: 0.024220561608672142
RMSE: 0.15562956534242503
R²: 0.9721041321754456
