MSE: 0.04835587739944458
RMSE: 0.2198996984978483
R²: 0.7093850107765636
