MSE: 0.0015944052720442414
RMSE: 0.039930004658705484
R²: -1.2935340268570316e+29
